0.0,1.03,0.59,0.53,0.42,0.71,0.95,0.12
1.03,0.0,0.66,0.96,0.66,0.43,0.19,1.01
0.59,0.66,0.0,0.88,0.52,0.61,0.69,0.52
0.53,0.96,0.88,0.0,0.38,0.53,0.81,0.62
0.42,0.66,0.52,0.38,0.0,0.29,0.55,0.46
0.71,0.43,0.61,0.53,0.29,0.0,0.28,0.73
0.95,0.19,0.69,0.81,0.55,0.28,0.0,0.96
0.12,1.01,0.52,0.62,0.46,0.73,0.96,0.0
